4294967294,1471
4294967294,53
109,13
109,12
109,11
109,10
4294967294,1540
4294967278,404
109,9
109,8
109,7
109,6
109,5
109,4
109,3
109,2
109,1
4294967278,403
4294967278,402
108,9
108,8
108,7
108,6
108,5
108,4
108,3
108,2
108,1
107,9
107,8
4294967278,401
4294967278,400
107,7
4294967278,399
107,6
107,5
107,4
107,3
107,2
107,1
4294967278,398
4294967278,397
106,6
106,5
106,4
106,3
106,2
106,1
105,6
105,5
105,4
105,3
105,2
105,1
104,6
4294967278,396
104,5
104,4
104,3
104,2
104,1
103,6
103,5
103,4
103,3
103,2
103,1
102,8
102,7
4294967294,507
102,6
102,5
102,4
102,3
102,2
102,1
4294967294,1537
4294967294,1538
101,12
101,11
101,10
4294967278,395
101,9
101,8
101,7
101,6
4294967294,1539
101,5
101,4
101,3
101,2
101,1
100,10
100,9
100,8
4294967294,1459
100,7
100,6
100,5
100,4
100,3
100,2
100,1
4294967278,394
99,7
4294967278,393
99,6
99,5
99,4
99,3
99,2
99,1
4294967278,392
4294967278,391
98,5
98,4
98,3
98,2
98,1
4294967294,991
4294967278,390
97,8
97,7
4294967294,506
97,6
4294967294,988
97,5
97,4
97,3
97,2
97,1
96,5
96,4
96,3
96,2
96,1
95,7
95,6
4294967278,389
95,5
95,4
95,3
95,2
95,1
94,5
94,4
94,3
94,2
94,1
4294967294,1469
93,15
93,14
93,13
93,12
93,11
93,10
93,9
93,8
93,7
93,6
93,5
93,4
93,3
93,2
93,1
92,5
92,4
92,3
92,2
92,1
4294967278,388
91,7
91,6
91,5
91,4
91,3
91,2
91,1
4294967278,387
4294967294,1458
90,14
4294967294,505
4294967294,1536
90,13
4294967294,1470
4294967294,1468
4294967278,386
90,12
4294967278,385
90,11
4294967294,1467
90,10
90,9
90,8
90,7
4294967294,1466
90,6
90,5
90,4
90,3
90,2
90,1
4294967294,504
4294967294,1455
89,6
89,5
89,4
89,3
89,2
89,1
4294967294,1465
88,6
88,5
88,4
88,3
88,2
88,1
87,6
4294967294,1464
87,5
87,4
87,3
87,2
87,1
4294967278,384
86,10
86,9
86,8
86,7
86,6
86,5
86,4
86,3
86,2
86,1
85,7
85,6
85,5
85,4
85,3
85,2
85,1
84,7
4294967294,1463
84,6
4294967294,1462
84,5
84,4
84,3
84,2
84,1
83,4
83,3
83,2
83,1
4294967294,1461
4294967294,1460
4294967294,503
82,5
82,4
82,3
82,2
82,1
4294967294,1019
4294967294,1444
81,6
81,5
81,4
81,3
81,2
81,1
4294967294,1438
80,8
80,7
4294967279,467
80,6
80,5
80,4
80,3
80,2
80,1
79,6
4294967279,466
79,5
79,4
79,3
79,2
79,1
78,11
78,10
78,9
78,8
78,7
4294967294,1449
78,6
78,5
78,4
78,3
78,2
78,1
77,5
77,4
77,3
77,2
77,1
76,7
76,6
76,5
76,4
76,3
76,2
76,1
4294967294,1457
75,5
75,4
75,3
75,2
75,1
4294967279,465
4294967279,464
74,9
4294967279,463
4294967279,462
74,8
4294967279,461
74,7
4294967294,1456
74,6
4294967294,502
74,5
74,4
74,3
74,2
74,1
4294967279,460
73,7
73,6
73,5
73,4
73,3
73,2
73,1
72,10
72,9
72,8
72,7
72,6
72,5
72,4
72,3
72,2
72,1
4294967294,1443
71,8
4294967294,1039
71,7
71,6
4294967279,459
71,5
71,4
71,3
71,2
71,1
4294967294,501
70,5
70,4
70,3
70,2
70,1
69,13
69,12
69,11
4294967279,458
69,10
69,9
69,8
4294967294,1454
69,7
69,6
69,5
69,4
69,3
69,2
69,1
68,9
68,8
68,7
68,6
4294967279,457
68,5
68,4
68,3
68,2
68,1
67,10
67,9
67,8
4294967294,1453
67,7
67,6
4294967294,500
67,5
67,4
67,3
67,2
67,1
66,6
4294967279,456
66,5
66,4
66,3
66,2
66,1
65,6
65,5
65,4
65,3
65,2
65,1
64,6
4294967279,455
64,5
64,4
64,3
64,2
64,1
4294967279,454
4294967294,1452
4294967279,453
4294967279,452
63,5
63,4
63,3
63,2
63,1
4294967279,451
4294967294,1451
62,8
62,7
62,6
62,5
62,4
62,3
62,2
62,1
61,7
61,6
61,5
61,4
61,3
61,2
61,1
60,6
60,5
60,4
60,3
60,2
60,1
4294967294,499
59,4
59,3
59,2
59,1
4294967294,1430
58,6
58,5
58,4
58,3
58,2
58,1
4294967294,1450
57,8
4294967294,1448
57,7
57,6
57,5
57,4
57,3
57,2
57,1
4294967294,412
56,6
56,5
56,4
56,3
56,2
56,1
55,6
55,5
55,4
55,3
55,2
55,1
4294967294,1442
4294967294,1447
54,9
54,8
54,7
54,6
54,5
54,4
54,3
54,2
54,1
4294967294,1427
53,6
4294967294,1446
53,5
53,4
53,3
53,2
53,1
4294967278,383
52,13
52,12
4294967278,382
4294967278,381
52,11
4294967278,380
52,10
4294967278,379
4294967278,378
52,9
4294967278,377
4294967278,376
52,8
4294967294,1445
4294967278,375
4294967278,374
52,7
4294967278,373
4294967278,372
52,6
4294967294,1434
4294967278,371
4294967278,370
52,5
52,4
52,3
52,2
52,1
4294967278,369
4294967278,368
4294967278,367
51,7
4294967278,366
4294967278,365
51,6
4294967278,364
4294967278,363
51,5
51,4
51,3
51,2
51,1
4294967278,362
4294967278,361
4294967278,360
50,6
4294967278,359
4294967278,358
50,5
50,4
50,3
50,2
